
power = 2106.43583128362
throughput = 11310.80
composite = 4881.13454029724
